Instancia_criada_com_restricoes_de_capacidade_do_GAP
Melhor_valor_conhecido: 6810
Tipo: E
Num_entidades: 300
Num_medianas: 30
Capacidade: 121
Demandas_das_entidades:
10
23
3
5
22
13
8
6
9
26
10
14
26
12
9
6
22
4
3
3
7
11
3
18
18
2
4
36
5
4
4
23
2
6
4
31
2
13
5
10
10
24
5
8
9
17
21
7
2
35
10
7
10
13
4
7
15
7
6
2
11
10
28
14
26
3
12
34
17
32
9
6
20
17
23
6
10
15
16
10
14
6
2
5
2
4
13
15
12
2
18
5
11
15
44
9
21
12
8
12
10
2
2
7
17
25
17
6
12
10
34
6
24
35
12
25
3
6
12
19
7
8
3
2
4
3
10
2
15
2
13
5
2
14
16
22
11
9
4
5
3
4
11
61
3
5
25
6
11
10
4
2
2
5
2
4
7
12
4
3
14
28
8
18
12
4
13
4
16
26
9
22
3
3
22
5
7
16
11
2
6
18
2
6
3
3
10
9
19
18
12
9
14
3
6
6
5
2
11
2
27
3
32
2
5
19
5
13
10
33
14
27
16
17
5
23
30
19
7
16
11
2
5
6
3
12
14
8
13
5
10
11
7
9
12
14
6
33
6
28
26
2
20
13
21
3
10
17
30
34
10
10
2
22
26
3
9
11
12
4
32
4
17
7
14
7
3
2
6
8
39
5
10
19
42
7
31
9
4
24
9
16
8
9
12
6
13
3
2
5
6
32
9
3
6
4
10
8
5
38
Matriz_completa_de_custos_da_entidade_i_para_entidade_j:
100 93 93 96 91 93 100 91 99 92 100 94 100 94 99 96 98 95 98 98 99 91 97 94 93 91 96 99 96 99 99 95 91 91 100 92 94 99 92 92 100 91 95 100 95 93 95 92 98 92 100 96 93 97 100 96 97 95 94 92 93 93 97 94 94 96 95 97 95 97 99 95 98 93 94 92 96 99 94 94 91 93 100 94 100 99 99 97 93 93 99 96 95 95 99 98 91 94 94 96 91 92 100 98 95 94 99 91 92 93 94 92 96 93 95 95 92 94 91 94 96 100 100 91 94 99 98 95 92 92 100 93 94 100 100 98 93 99 99 95 91 92 97 97 94 92 91 95 95 92 99 91 91 99 91 95 97 99 99 99 100 99 91 94 98 100 92 91 99 100 95 99 91 91 95 95 93 96 100 97 98 99 98 99 97 98 93 94 96 92 93 96 100 93 99 98 93 100 98 91 100 92 100 100 93 95 95 95 100 94 92 98 92 99 96 99 97 99 93 93 100 95 98 100 98 97 97 100 97 95 91 96 96 91 96 99 95 100 94 94 93 95 92 95 93 97 94 100 95 96 92 95 91 100 94 98 97 91 98 93 95 98 99 91 98 94 100 93 93 93 97 96 97 98 100 100 94 94 99 98 99 91 92 99 100 96 97 96 97 94 98 91 91 97 92 99 100 91 92 92 
93 37 41 41 43 38 41 42 42 44 41 40 43 41 42 42 41 37 38 36 43 41 44 44 42 40 35 41 39 36 42 41 38 39 38 37 43 34 36 41 34 43 37 43 40 34 41 36 37 34 38 37 41 38 36 39 34 38 36 40 39 44 37 43 39 41 37 38 41 38 35 42 37 38 41 43 39 37 36 42 38 40 35 35 34 37 40 35 41 42 41 36 42 44 36 37 41 38 41 38 43 43 36 36 37 42 36 42 36 37 40 39 43 41 40 44 35 37 35 42 35 42 44 43 41 35 36 38 40 34 42 39 43 44 41 36 42 43 34 44 36 41 39 35 38 36 35 39 39 36 36 40 44 36 39 41 37 41 35 43 41 43 38 40 43 35 43 41 34 43 41 36 40 36 37 44 38 39 39 43 41 41 38 40 43 43 37 36 41 38 36 38 37 40 35 36 41 44 43 41 43 40 43 39 42 37 39 36 41 43 35 38 40 39 34 39 38 37 41 35 41 43 40 35 38 40 36 36 40 35 43 39 41 43 43 39 35 38 41 43 38 42 37 44 37 37 38 42 40 35 43 38 44 38 38 38 35 41 40 41 42 39 35 39 38 35 34 39 39 41 38 43 39 41 42 43 44 37 40 40 38 39 44 38 44 38 42 34 35 39 41 43 44 42 38 38 43 38 43 38 
93 41 326 327 326 331 333 325 330 333 327 326 329 332 331 329 326 331 333 324 331 333 329 329 332 328 327 327 332 326 331 331 330 333 333 333 331 333 334 327 332 327 329 328 325 326 332 327 333 331 327 331 331 332 326 329 327 329 332 325 331 330 332 327 329 331 326 326 331 326 328 329 330 333 333 331 326 331 324 325 329 328 332 326 326 324 331 329 329 330 330 326 325 328 329 330 326 332 332 332 325 327 328 331 326 327 328 328 324 329 329 329 333 327 331 325 327 328 330 332 324 326 324 325 330 330 332 332 328 330 330 329 333 324 326 325 327 330 329 327 325 325 332 334 328 329 325 332 334 331 330 334 333 330 325 330 326 334 328 330 330 325 325 330 325 327 331 328 333 327 332 334 328 330 334 332 326 324 330 325 331 326 325 331 333 327 327 325 327 331 331 333 332 333 329 333 326 326 328 325 330 325 324 334 332 324 332 333 325 328 325 332 331 327 329 329 330 333 331 333 330 328 332 328 327 327 327 329 330 331 330 326 332 330 325 330 331 334 330 332 328 331 330 325 324 326 330 330 324 327 329 330 332 327 325 325 331 328 330 327 325 326 329 334 332 330 330 329 330 326 327 324 333 333 325 334 325 331 330 325 325 325 332 332 329 333 333 326 327 330 329 328 331 334 328 330 330 324 325 326 
96 41 327 193 194 193 193 193 194 192 194 192 199 195 193 200 193 191 195 192 191 197 195 197 192 199 194 191 193 200 197 193 191 200 196 194 192 198 197 196 200 200 198 198 195 200 197 198 191 192 200 191 198 194 197 199 193 191 200 196 191 197 199 191 196 194 195 198 191 191 194 200 191 191 198 196 200 195 193 200 196 193 191 193 197 198 192 199 198 191 195 198 197 193 199 193 196 193 200 197 194 193 197 195 193 194 200 193 198 193 192 194 195 193 197 192 200 198 200 197 199 194 195 196 196 193 198 192 196 198 198 200 200 194 195 193 198 195 195 196 198 197 199 193 199 195 194 198 193 193 195 192 197 199 197 193 192 195 195 198 192 192 197 192 196 192 194 194 196 198 199 193 195 198 195 193 192 198 200 195 191 194 196 198 193 193 191 194 197 195 191 198 197 198 199 193 199 193 196 195 200 195 197 195 192 192 197 194 200 197 199 191 191 194 198 194 196 199 197 193 193 198 200 200 196 199 192 195 191 198 199 191 193 196 195 194 197 192 198 197 199 196 197 199 200 195 192 196 193 199 198 196 197 198 195 192 197 196 197 197 194 195 198 196 191 193 200 197 194 197 194 193 193 191 191 193 195 193 198 198 192 196 193 198 193 197 200 199 193 196 196 196 191 194 192 191 196 191 198 200 
91 43 326 194 43 37 38 36 37 39 38 41 41 46 38 43 41 41 40 44 37 40 43 40 46 38 46 36 42 37 37 38 37 44 37 45 45 39 45 45 42 37 41 37 37 43 44 42 38 38 40 39 42 36 43 42 39 43 42 45 44 43 36 45 41 38 44 40 41 42 39 37 43 44 38 44 41 45 40 43 37 44 37 44 45 44 40 37 41 46 36 39 43 37 38 38 39 46 41 43 42 45 44 40 43 46 38 38 45 42 46 36 41 37 44 39 45 38 41 40 38 41 44 44 42 46 36 44 46 42 42 42 40 40 36 37 40 38 39 39 45 39 39 39 39 37 43 38 39 37 43 40 42 40 39 38 40 39 36 40 45 42 36 39 46 36 40 39 39 43 42 37 36 46 41 39 37 38 41 40 39 38 44 45 42 37 37 36 40 37 40 39 43 40 42 42 41 37 46 43 44 42 45 44 42 40 37 43 41 43 37 44 45 45 43 41 36 44 41 40 45 46 44 42 40 40 38 45 41 38 42 39 44 41 37 40 44 39 37 40 46 37 38 45 36 45 40 36 43 45 41 41 45 39 37 39 43 39 38 38 41 44 41 39 38 43 44 37 46 44 40 45 46 42 44 36 41 38 37 38 37 42 43 36 44 44 40 41 38 41 43 43 39 38 36 41 45 44 42 45 
93 38 331 193 37 74 68 76 74 74 74 74 70 76 75 71 77 70 68 68 69 77 71 74 68 77 71 75 70 73 75 75 72 73 72 71 70 72 69 76 69 75 73 72 73 71 75 73 74 76 73 75 76 77 71 77 76 75 74 69 70 73 76 75 69 70 68 71 75 70 70 77 68 76 71 74 69 69 69 76 68 75 74 77 75 68 76 74 75 73 75 68 68 74 76 69 77 77 73 75 69 76 75 69 75 69 75 77 71 77 75 72 75 71 71 72 71 70 69 69 75 76 69 76 73 77 68 72 76 73 70 68 72 77 70 69 69 68 68 72 77 76 77 75 69 70 70 73 72 71 74 70 70 76 68 75 76 69 70 74 75 72 75 69 72 77 71 74 67 71 68 67 69 77 75 71 70 67 77 75 71 73 77 74 71 68 72 70 69 74 77 77 69 74 68 74 74 72 70 74 75 71 74 77 71 72 71 74 72 70 71 75 76 71 72 70 71 76 72 73 73 71 73 75 68 74 72 74 68 75 71 76 68 67 75 72 72 69 68 76 71 71 74 70 75 68 72 69 77 77 75 72 71 70 70 71 76 74 68 76 71 71 74 72 71 72 76 75 74 76 74 68 71 70 70 68 71 75 69 70 74 76 75 67 69 77 71 77 73 71 76 76 75 73 71 69 68 69 77 74 
100 41 333 193 38 68 116 122 123 119 124 116 120 118 123 122 121 120 121 118 120 122 117 124 122 123 117 121 122 125 116 125 117 117 117 116 124 118 122 121 122 121 121 116 123 119 122 118 124 117 121 118 124 122 116 120 120 118 125 116 118 116 116 119 118 117 120 116 120 116 122 116 122 118 116 119 121 123 122 119 124 117 122 123 124 123 117 119 116 117 119 118 117 120 122 120 122 116 120 116 116 117 117 122 119 118 116 125 125 123 118 124 125 125 121 124 123 123 117 123 124 121 116 116 125 122 120 122 123 125 123 124 116 124 121 119 116 121 118 125 119 121 124 118 121 119 116 118 116 118 116 125 123 116 125 123 123 119 119 121 118 116 119 118 124 124 122 125 120 124 124 123 120 123 116 125 116 117 117 117 119 117 117 117 118 116 124 116 120 118 121 123 118 124 116 117 123 122 116 117 121 125 125 125 122 125 124 123 117 116 125 121 118 116 122 121 116 121 121 121 123 117 119 125 125 119 117 123 116 117 124 121 116 124 121 123 123 120 120 125 121 119 120 123 119 117 119 120 122 124 116 120 125 119 120 125 122 121 123 122 122 121 118 123 119 124 120 117 119 124 117 124 118 122 122 121 123 125 116 120 124 116 124 124 119 118 124 125 123 121 122 120 117 125 118 121 124 123 122 118 
91 42 325 193 36 76 122 163 165 158 166 161 165 161 159 165 162 163 163 162 162 162 165 164 160 165 162 166 162 166 167 162 159 162 161 166 159 163 162 167 164 160 161 162 164 163 160 159 159 166 164 163 161 162 160 164 161 165 162 166 164 162 161 166 167 165 164 158 161 159 158 159 162 161 164 159 167 167 161 159 166 158 165 160 163 158 166 167 166 162 165 163 166 159 161 166 157 159 167 162 160 167 163 165 161 160 158 161 159 162 163 158 163 161 160 159 162 160 158 161 164 167 166 164 159 161 162 159 162 162 163 165 161 159 163 166 162 164 159 164 158 165 165 164 158 158 165 163 161 167 166 158 166 166 164 157 159 159 159 164 164 166 162 158 158 158 167 163 165 159 160 166 167 157 162 158 159 161 164 162 160 163 163 159 162 160 159 164 162 161 160 159 160 165 160 160 166 160 166 163 161 158 162 161 158 167 162 160 160 158 165 163 165 161 165 159 164 167 165 159 161 159 161 163 167 164 166 165 166 165 161 161 166 166 164 167 166 159 160 159 160 157 165 157 161 163 159 158 162 158 160 166 159 163 162 158 160 161 167 160 159 161 163 157 160 160 167 158 162 160 161 165 160 159 165 164 164 167 164 160 157 167 158 159 163 163 161 166 167 160 158 159 164 164 159 166 167 159 158 161 
99 42 330 194 37 74 123 165 106 105 103 109 107 111 105 104 111 102 106 111 102 108 103 107 104 107 106 104 110 107 105 106 104 107 106 103 109 106 108 103 110 109 110 105 108 103 108 108 104 102 107 104 109 109 109 111 104 104 103 102 109 107 107 111 102 111 103 109 105 109 110 103 107 108 107 103 110 103 109 102 104 105 104 111 102 102 110 104 104 111 104 111 106 109 111 107 108 102 104 102 109 103 104 104 109 109 106 107 111 104 107 103 107 110 102 107 110 110 109 102 110 102 112 105 110 111 110 107 111 102 107 109 103 109 102 111 107 106 106 106 109 102 107 104 110 107 110 109 106 108 109 104 108 109 107 106 108 105 111 108 106 107 105 107 104 105 106 109 110 111 103 107 112 109 110 110 104 109 107 109 105 105 111 112 102 107 106 109 110 106 105 104 111 108 110 103 111 104 111 110 104 103 105 103 110 104 102 102 111 108 109 104 111 109 104 112 104 109 109 102 103 111 105 102 108 103 104 107 105 103 105 107 104 109 109 102 111 110 103 110 106 111 103 105 108 105 105 110 102 102 110 103 102 104 104 108 105 106 104 109 108 108 104 111 105 102 111 105 110 103 103 105 112 104 108 108 107 102 106 108 103 105 109 104 107 102 110 110 106 103 107 103 109 109 102 102 110 112 105 108 
92 44 333 192 39 74 119 158 105 30 34 38 30 37 35 36 33 36 30 39 37 34 37 29 39 37 38 37 32 29 32 33 37 30 33 37 38 33 31 35 34 36 34 35 34 30 32 38 37 34 38 36 38 35 36 38 33 35 36 36 36 30 30 34 31 34 32 30 38 34 36 33 32 31 29 37 33 32 36 31 37 35 38 36 31 35 36 35 32 33 32 39 34 32 34 36 37 37 37 36 32 34 30 35 36 30 33 30 33 29 32 31 35 31 39 37 38 35 33 30 29 36 30 34 29 35 31 38 33 39 35 36 34 36 31 31 37 35 32 31 36 35 33 32 38 33 29 36 29 34 38 30 30 29 35 31 35 37 29 39 37 35 36 32 32 38 34 29 34 37 31 31 33 36 33 32 30 34 29 30 38 38 31 30 39 37 32 35 36 32 35 34 38 31 36 30 30 31 31 35 39 33 37 33 30 31 36 31 36 36 32 35 36 34 36 35 33 38 31 29 31 37 34 30 29 31 32 31 33 34 37 33 38 35 38 38 37 35 30 34 32 33 30 39 38 37 35 32 36 38 32 39 36 37 30 36 29 33 38 34 37 36 38 36 32 37 35 30 32 36 35 35 30 36 35 29 34 32 32 31 31 35 31 37 34 32 35 34 36 33 39 35 30 38 32 33 36 38 34 39 
100 41 327 194 38 74 124 166 103 34 97 91 97 98 98 93 99 93 96 92 96 98 99 98 96 93 92 92 98 99 97 98 95 98 97 98 92 93 97 97 93 94 98 100 92 95 93 100 98 99 91 93 96 100 91 92 92 92 94 100 100 100 97 95 97 94 92 99 97 98 95 100 91 92 99 92 97 91 91 94 99 92 97 95 91 98 96 93 100 100 93 99 99 99 93 96 93 95 94 99 92 98 98 92 99 96 94 96 97 95 100 96 96 97 100 97 94 96 100 93 95 92 92 94 91 95 99 93 99 92 92 91 100 99 93 99 95 96 94 92 100 93 97 96 99 96 93 93 92 92 96 97 94 98 100 94 92 99 97 91 100 98 91 100 97 94 98 91 99 91 92 99 94 99 94 93 94 96 96 96 98 91 92 91 98 92 95 100 100 91 91 100 99 92 99 95 95 97 96 93 97 97 91 91 96 95 93 100 91 98 95 98 99 97 99 97 98 94 96 98 95 96 98 93 98 96 97 92 93 92 95 99 99 95 100 94 100 93 94 100 91 98 98 99 94 97 95 92 100 91 100 94 97 97 97 94 93 93 95 95 95 99 94 94 94 93 98 93 96 91 93 96 99 91 94 93 97 99 95 97 99 94 91 95 91 97 99 94 100 93 99 94 92 92 98 95 95 96 98 100 
94 40 326 192 41 74 116 161 109 38 91 68 62 67 67 62 71 69 69 69 63 66 68 67 66 62 68 62 71 71 71 63 69 65 64 71 63 69 65 69 67 65 65 67 70 70 68 69 67 65 66 68 69 62 63 63 63 69 63 71 68 63 62 65 66 65 64 68 62 67 65 67 71 68 63 69 66 68 66 71 71 70 67 68 70 68 69 71 65 71 70 71 72 71 64 66 64 66 72 64 71 64 70 70 70 70 67 64 67 71 62 66 70 67 62 68 63 70 68 67 69 66 66 68 65 68 62 67 63 62 69 62 65 67 70 63 65 66 65 70 65 65 64 63 71 65 69 62 62 65 67 69 69 71 65 62 67 66 68 68 66 65 68 69 70 67 70 63 70 63 71 63 67 64 64 65 66 72 65 67 65 70 64 63 70 67 63 65 71 69 71 65 72 67 62 70 62 70 71 71 71 71 62 66 62 64 69 67 64 63 71 68 71 63 68 69 68 69 62 67 66 71 70 66 67 70 64 67 68 63 66 67 62 66 71 63 68 68 67 71 69 67 66 69 68 63 65 64 70 66 69 64 65 66 68 70 64 70 65 70 71 69 65 71 62 65 72 69 71 67 67 69 72 72 65 67 63 69 69 71 62 66 63 65 70 69 63 63 67 66 71 66 63 64 65 63 67 65 70 67 
100 43 329 199 41 70 120 165 107 30 97 62 37 32 30 36 32 33 32 33 30 29 32 30 33 33 34 32 30 35 33 35 39 32 29 30 34 32 31 30 35 39 34 33 32 35 30 35 30 33 29 31 34 32 32 38 36 37 31 38 33 35 34 33 38 34 34 33 38 36 34 34 35 39 37 38 35 39 35 36 33 35 38 38 39 31 37 36 30 29 35 34 35 30 38 34 35 33 39 34 30 33 38 36 33 37 35 30 37 31 37 31 37 35 29 37 38 37 34 38 38 30 33 34 31 32 29 37 36 29 32 37 33 31 34 38 29 31 38 37 33 36 38 31 32 39 30 31 37 35 31 35 36 35 30 38 38 31 37 36 31 30 34 35 32 29 34 33 31 33 31 35 30 30 38 34 30 38 36 37 34 37 34 32 33 35 31 33 37 39 30 29 30 35 35 33 35 30 37 38 35 39 34 36 30 33 31 30 32 38 39 37 36 34 30 31 30 32 34 38 32 35 38 33 31 35 37 37 36 35 36 32 35 31 29 36 34 31 37 37 30 36 36 37 31 37 38 32 30 34 32 33 30 31 37 32 37 36 31 35 32 38 38 38 30 38 35 35 31 33 34 31 30 30 29 32 38 39 35 29 34 38 33 35 30 31 38 38 38 30 34 31 29 33 30 30 32 36 36 34 
94 41 332 195 46 76 118 161 111 37 98 67 32 74 76 81 75 77 81 78 76 81 75 76 76 83 80 82 74 83 81 83 81 83 78 83 83 82 74 84 75 81 81 79 81 83 76 82 76 84 76 78 81 77 80 83 77 77 82 77 76 79 77 83 78 81 82 77 79 82 77 79 79 74 75 76 83 77 74 75 77 77 79 74 80 76 74 83 79 82 76 80 77 79 79 82 76 78 75 81 76 78 77 82 79 78 74 78 81 75 79 74 78 74 75 75 76 75 74 81 83 76 77 76 82 83 74 74 77 75 82 79 80 74 77 75 78 78 78 75 79 83 75 83 83 76 74 75 77 74 82 76 77 75 79 75 74 79 75 77 80 83 83 76 84 77 77 78 81 82 79 76 81 81 75 81 83 76 82 76 76 81 79 79 82 84 80 83 79 81 76 75 80 75 78 80 78 81 74 75 79 80 77 77 77 78 84 76 80 82 78 82 79 83 78 78 83 83 77 78 81 79 79 77 81 83 83 75 81 74 76 76 80 79 79 82 83 79 74 79 77 79 78 82 78 82 76 77 81 79 81 78 74 77 82 81 76 81 82 83 82 74 75 77 79 80 76 78 75 76 83 78 81 78 76 75 76 79 79 83 84 76 78 74 79 76 82 81 83 80 80 81 80 81 75 75 77 76 79 78 
99 42 331 193 38 75 123 159 105 35 98 67 30 76 106 106 109 104 110 102 105 102 106 110 111 106 102 105 107 107 107 105 104 107 111 110 104 107 108 105 108 111 107 103 105 102 107 102 104 106 103 108 106 107 106 106 102 106 109 107 102 105 110 105 110 110 103 102 105 109 105 111 108 111 102 111 102 108 102 104 102 103 110 106 109 104 110 110 109 107 105 110 110 104 103 109 102 104 109 105 102 103 105 108 102 105 108 103 111 109 105 111 110 104 106 108 106 104 106 104 110 109 102 108 102 103 105 102 105 103 106 106 104 109 102 105 103 109 106 102 106 109 112 105 111 106 111 106 108 105 109 106 103 109 102 104 110 106 104 104 107 109 108 110 106 109 103 107 107 107 108 111 105 108 105 105 111 104 110 108 108 107 112 110 104 102 102 103 107 105 106 102 102 102 110 106 110 111 102 105 107 108 104 111 104 107 104 104 110 102 109 107 107 109 105 110 110 106 111 105 109 105 105 109 106 104 104 104 104 104 107 109 110 110 108 102 106 111 104 105 111 102 110 107 110 104 106 109 108 105 102 105 109 106 102 104 108 104 107 110 107 102 108 105 111 105 106 105 104 109 108 104 109 107 109 108 109 103 105 105 107 105 108 105 109 108 107 106 111 102 104 106 102 111 110 102 104 104 106 106 
96 42 329 200 43 71 122 165 104 36 93 62 36 81 106 167 158 164 165 163 161 161 160 163 164 163 158 157 159 161 165 166 166 159 166 166 162 160 157 161 158 158 163 161 162 158 161 162 164 159 158 159 163 161 165 159 167 166 160 159 160 157 158 159 159 167 158 164 160 158 158 161 159 164 165 163 164 159 158 162 161 159 163 166 163 161 158 163 159 161 165 162 161 166 164 163 166 165 160 159 166 161 163 158 157 161 164 164 163 165 159 166 157 165 165 163 158 167 159 160 160 157 165 164 166 161 160 165 159 163 166 158 167 162 159 167 165 166 164 161 164 165 160 164 163 158 160 163 158 162 166 161 163 163 158 162 158 161 160 159 167 159 160 166 163 162 166 161 161 162 165 157 160 158 164 166 159 158 162 159 163 161 163 158 157 163 163 158 157 165 160 167 167 163 166 163 158 164 157 162 160 165 162 163 166 159 161 158 160 166 160 165 160 165 166 160 162 162 161 162 160 163 162 160 159 160 165 160 158 165 165 160 163 160 166 162 162 160 162 164 159 165 162 162 163 161 165 158 166 159 163 159 165 167 161 157 160 159 160 161 158 158 164 164 160 162 158 165 165 163 162 167 161 167 162 167 161 160 158 160 162 163 162 160 163 166 160 166 158 163 159 159 164 166 165 157 161 166 165 158 
98 41 326 193 41 77 121 162 111 33 99 71 32 75 109 158 41 38 37 45 38 42 45 41 45 45 44 39 41 38 42 37 37 44 46 38 40 38 39 37 36 37 37 40 46 45 41 41 37 42 39 39 37 38 44 36 37 42 39 42 44 45 43 45 43 43 37 38 45 41 39 45 42 41 38 42 40 43 36 41 39 40 44 40 42 42 40 43 38 44 40 46 43 37 45 40 44 37 42 42 41 46 41 37 40 43 43 44 41 43 39 44 37 36 38 43 42 42 40 44 40 44 44 37 45 43 41 43 43 38 39 39 37 45 40 42 42 37 40 37 44 42 44 46 43 36 43 39 43 37 37 37 45 45 38 45 42 44 41 39 46 45 42 37 43 36 43 40 37 37 40 45 43 39 45 40 39 42 43 46 43 44 37 43 43 39 41 39 37 37 42 37 46 38 38 43 38 45 37 39 46 41 39 43 44 38 37 37 44 44 37 41 42 38 38 39 41 43 42 43 44 39 44 44 41 46 41 43 45 42 36 45 38 39 41 46 40 42 37 38 40 38 43 36 40 45 40 45 42 36 42 41 39 40 39 43 40 44 40 39 41 40 37 43 43 43 42 37 39 43 39 43 45 46 43 39 45 37 39 41 37 45 46 40 39 38 37 42 37 41 45 41 45 37 38 42 44 44 43 37 
95 37 331 191 41 70 120 163 102 36 93 69 33 77 104 164 38 246 241 248 245 241 245 249 249 246 241 244 247 250 244 241 243 246 242 249 247 248 249 242 247 249 244 243 247 243 241 248 249 241 245 244 241 250 242 250 246 243 244 243 242 248 244 245 243 246 244 250 243 242 242 249 241 246 242 247 248 243 245 246 243 249 249 244 249 250 244 245 242 248 248 244 245 241 248 248 246 241 247 248 243 248 247 243 243 249 250 241 241 244 246 244 243 244 248 241 244 242 246 246 249 243 249 243 243 247 241 249 248 247 247 250 245 244 243 248 242 242 248 243 246 244 246 248 248 244 249 241 245 244 247 243 247 246 246 250 243 246 248 250 243 245 250 248 248 243 245 250 245 243 242 250 246 248 247 244 241 246 245 245 249 241 248 246 246 243 245 248 249 243 248 241 248 248 249 245 250 244 244 244 246 246 243 242 243 250 245 243 245 250 248 244 250 245 249 246 248 244 243 246 247 241 247 244 248 245 248 248 248 242 241 243 247 244 245 250 243 250 243 248 249 250 241 249 245 250 244 242 243 247 247 250 247 243 243 245 247 250 242 244 242 243 247 249 246 242 248 249 241 250 246 250 250 246 248 244 246 241 245 249 248 241 248 244 244 250 249 250 250 250 244 241 242 241 250 248 242 247 246 243 
98 38 333 195 40 68 121 163 106 30 96 69 32 81 110 165 37 241 330 324 326 329 330 334 333 325 324 327 334 332 328 331 325 332 330 334 331 330 334 325 331 325 325 330 333 327 327 328 330 333 329 332 329 325 331 328 326 332 331 326 330 326 333 331 334 330 331 331 326 331 332 333 333 334 329 332 327 332 326 333 331 330 330 326 332 328 330 324 326 327 327 332 329 326 329 329 333 327 326 325 324 325 324 333 325 330 330 328 328 332 326 325 329 333 328 327 327 324 327 329 328 330 327 333 332 332 328 331 325 331 332 325 332 332 324 332 328 331 326 332 329 328 324 324 327 328 327 330 328 330 325 332 326 328 331 325 326 326 332 328 333 330 329 330 329 329 329 333 326 331 331 331 325 331 332 329 326 325 325 330 332 326 328 324 331 325 325 333 327 333 327 326 330 332 332 324 327 327 334 329 324 331 326 326 329 324 330 330 325 332 326 333 324 331 333 331 332 324 331 325 324 324 327 330 332 325 331 326 328 330 331 328 327 333 330 332 334 327 329 325 325 332 334 325 328 333 333 326 333 330 327 334 330 330 330 328 332 326 330 326 333 327 331 326 327 327 325 327 330 330 327 331 327 327 332 332 326 332 324 326 328 328 326 334 324 331 328 332 324 325 325 333 328 331 325 331 325 326 324 331 
98 36 324 192 44 68 118 162 111 39 92 69 33 78 102 163 45 248 324 332 328 328 326 331 327 334 334 324 324 326 328 328 327 328 328 325 333 327 325 334 328 324 328 325 326 326 326 328 326 333 326 330 327 328 327 330 328 327 331 328 329 325 333 333 329 327 324 328 330 326 327 324 326 332 326 328 334 328 332 326 327 325 332 331 330 326 327 324 329 334 329 324 324 327 333 329 331 333 333 327 325 327 328 327 324 330 331 324 334 330 326 327 331 324 334 327 326 327 327 331 327 332 331 327 325 331 333 332 330 332 326 331 325 330 325 326 326 332 326 325 328 328 328 326 328 328 329 330 331 332 328 324 330 325 328 331 332 327 330 329 325 332 326 326 328 327 328 330 326 330 331 330 334 326 332 328 330 327 325 328 325 329 328 331 330 332 328 329 325 324 324 326 332 326 328 326 330 332 332 332 328 329 328 328 331 327 332 327 330 333 331 331 328 326 328 325 324 333 330 325 333 330 327 331 333 332 332 329 330 330 326 334 325 331 327 332 334 326 325 330 325 333 327 329 324 332 331 325 331 327 326 329 333 329 326 332 327 325 327 333 331 329 333 332 326 326 330 326 328 332 332 329 330 326 325 331 334 331 332 330 324 334 326 334 329 328 332 333 329 325 332 326 330 331 324 333 333 331 325 327 
99 43 331 191 37 69 120 162 102 37 96 63 30 76 105 161 38 245 326 328 138 143 142 135 135 142 142 134 140 140 141 140 140 143 140 135 137 138 134 142 139 142 134 135 139 135 134 138 142 135 141 136 135 139 138 136 138 136 137 135 143 134 142 139 134 139 141 138 134 141 136 140 140 137 142 135 138 142 140 136 134 137 139 135 143 134 138 138 137 141 140 136 142 138 142 143 134 139 137 135 137 140 141 134 143 139 136 138 138 142 141 139 136 137 141 136 138 135 141 141 133 137 134 142 142 142 142 143 138 136 134 142 142 142 143 142 138 135 137 142 134 134 138 137 138 136 140 143 138 137 140 138 141 141 137 140 140 136 140 135 138 141 134 137 139 143 136 133 135 139 142 136 140 137 139 135 140 136 135 134 140 142 139 138 139 143 135 136 135 141 138 140 139 138 134 134 138 136 134 139 142 133 141 139 137 137 141 134 140 142 135 137 140 141 142 136 140 143 139 142 141 133 139 136 138 139 137 142 142 138 138 141 138 136 136 142 140 134 143 137 142 134 140 139 141 138 142 138 138 138 137 136 138 143 138 143 138 142 142 137 137 136 134 142 139 137 141 136 137 140 139 136 141 136 142 139 141 140 134 136 135 138 138 139 137 143 139 142 142 137 135 136 140 136 134 136 140 141 138 134 
91 41 333 197 40 77 122 162 108 34 98 66 29 81 102 161 42 241 329 328 143 86 82 84 83 85 83 89 83 90 90 86 91 84 90 87 87 90 83 86 89 86 88 82 83 91 82 85 87 90 90 87 85 91 90 87 84 81 84 86 90 83 90 90 85 89 86 91 88 87 85 86 82 82 86 83 91 87 87 87 86 86 83 89 85 81 84 88 81 87 83 90 89 82 88 82 89 82 82 86 88 85 90 88 86 85 90 85 90 86 91 84 90 82 82 84 82 85 91 82 91 83 91 88 83 87 89 91 88 89 85 84 83 84 91 87 88 89 91 87 84 91 90 82 91 90 85 82 83 85 83 83 86 82 89 87 88 86 87 84 84 90 87 86 83 87 81 90 85 91 85 87 91 83 88 90 82 82 91 84 85 82 85 89 83 83 85 89 88 90 82 91 89 87 85 91 83 85 90 87 85 83 82 84 85 89 83 85 89 83 88 83 83 82 91 85 83 84 82 90 83 82 89 91 88 83 91 90 86 89 85 90 91 86 82 84 84 84 88 81 85 85 83 87 85 82 90 87 85 91 86 87 82 83 87 89 85 87 87 90 85 91 88 84 85 89 88 88 91 84 88 85 88 89 90 91 90 89 87 83 89 91 89 89 83 84 86 86 90 82 85 83 82 91 86 86 88 82 82 87 
97 44 329 195 43 71 117 165 103 37 99 68 32 75 106 160 45 245 330 326 142 82 328 331 333 324 329 332 334 327 330 329 329 327 328 326 325 330 329 330 325 328 330 328 329 331 327 324 325 324 325 326 330 329 333 329 329 327 327 329 331 333 324 326 326 328 328 327 324 324 332 325 328 329 329 333 326 333 333 327 333 324 329 329 329 328 325 324 331 328 329 328 327 329 330 329 334 324 332 324 325 330 326 328 325 332 328 327 331 327 330 330 328 325 326 334 329 326 324 327 330 329 331 334 325 327 329 325 328 327 325 328 333 328 333 324 325 327 327 332 330 333 329 325 325 330 324 330 333 325 333 330 330 330 329 331 333 324 332 326 327 333 331 326 327 330 326 329 333 329 327 329 329 332 330 330 328 331 326 327 332 325 333 328 331 329 325 329 329 333 332 332 333 329 324 326 325 326 331 334 332 324 329 327 332 325 333 326 332 326 330 330 327 330 324 333 324 325 329 330 325 327 328 334 332 329 326 333 331 333 333 330 333 329 333 331 330 332 333 329 324 329 325 327 325 325 327 326 327 332 332 328 325 326 328 334 331 330 333 329 328 333 324 327 328 333 324 324 332 333 329 332 329 331 326 330 332 328 332 326 326 330 330 328 332 334 328 329 330 327 324 324 326 325 327 330 324 327 331 332 
94 44 329 197 40 74 124 164 107 29 98 67 30 76 110 163 41 249 334 331 135 84 331 49 48 53 54 55 55 50 54 50 48 55 52 54 51 56 53 51 50 48 47 53 49 47 56 49 51 52 50 54 49 48 47 51 56 55 51 55 49 48 48 51 48 54 49 53 54 56 48 48 48 49 55 51 50 55 54 54 51 48 52 54 50 54 50 50 53 54 48 56 46 51 51 48 49 54 55 47 54 46 49 56 49 48 50 52 47 48 50 52 50 47 50 54 54 54 48 51 52 50 50 53 55 55 55 47 53 53 48 51 53 51 50 56 53 55 52 54 47 47 50 51 47 54 49 56 52 50 50 49 54 55 55 53 54 54 54 50 51 56 55 48 51 49 48 48 48 54 56 49 55 49 54 46 48 46 56 54 50 50 46 48 49 55 55 47 53 53 51 48 53 50 51 48 53 53 49 55 51 49 48 50 52 56 51 54 46 51 51 50 55 51 53 48 51 52 49 48 48 54 50 55 48 55 47 55 52 50 54 47 53 47 51 49 47 46 46 47 51 51 51 50 46 48 52 51 53 55 53 55 52 47 54 54 46 55 53 52 49 52 53 55 52 48 48 53 48 48 53 53 53 48 47 53 49 53 48 47 51 55 56 48 46 54 56 46 53 53 52 56 49 49 55 55 52 46 51 54 
93 42 332 192 46 68 122 160 104 39 96 66 33 76 111 164 45 249 333 327 135 83 333 48 48 49 51 55 50 52 52 54 49 54 54 54 53 54 56 53 53 56 54 50 53 50 50 56 53 48 54 49 49 50 47 51 52 52 49 47 48 55 55 50 53 53 49 50 51 48 47 48 48 55 51 55 49 55 54 46 47 53 49 50 46 50 54 53 56 47 53 47 46 52 52 53 49 54 47 54 46 48 55 48 47 51 47 50 50 55 51 51 52 54 54 52 47 53 49 47 54 56 48 54 52 54 51 54 52 52 52 52 54 51 54 55 56 55 49 49 54 54 54 50 52 52 47 53 49 49 54 47 49 56 55 55 54 50 53 49 56 49 55 54 54 53 53 53 52 46 47 51 54 54 55 50 51 56 47 53 49 55 54 52 55 53 51 52 47 47 55 47 50 55 55 47 52 52 55 48 52 55 53 50 53 52 54 48 51 55 55 54 53 53 50 52 50 54 48 51 56 47 52 50 56 51 51 52 46 50 54 52 49 50 46 46 46 54 48 51 52 48 49 50 55 53 56 49 52 48 54 52 49 50 55 49 54 50 55 54 54 52 50 47 46 50 47 46 48 49 52 55 51 55 48 50 52 48 52 48 50 50 54 53 54 53 56 52 47 54 50 55 50 54 55 51 49 46 51 51 
91 40 328 199 38 77 123 165 107 37 93 62 33 83 106 163 45 246 325 334 142 85 324 53 49 494 491 494 499 500 496 492 497 498 499 499 492 493 496 498 491 493 498 496 494 496 500 492 500 499 492 495 491 492 500 496 495 491 499 494 500 495 496 496 493 494 494 494 496 500 492 496 492 499 492 495 495 492 497 495 500 498 499 491 499 499 497 494 499 496 498 499 500 493 494 493 496 498 496 492 498 497 497 500 496 499 495 491 491 491 495 500 499 494 491 497 492 497 491 491 492 498 499 492 491 493 494 496 491 500 497 498 496 494 498 492 493 492 492 493 492 497 492 500 500 493 497 492 500 498 493 491 496 491 493 496 494 496 492 494 496 499 492 491 492 499 493 494 500 495 496 491 491 498 491 491 491 498 492 500 495 494 491 491 495 493 497 498 499 498 492 494 496 493 495 497 491 497 491 500 491 497 491 492 494 492 492 494 499 494 494 494 498 494 495 492 496 491 500 495 498 491 498 494 493 493 500 494 500 491 494 491 497 495 492 491 496 493 495 495 496 498 499 493 491 493 495 497 494 494 491 491 495 499 494 498 491 494 491 500 495 494 500 491 498 492 492 494 494 497 498 500 494 497 493 495 499 498 492 493 492 493 493 496 491 497 493 492 491 494 492 495 498 491 496 496 493 498 499 496 
96 35 327 194 46 71 117 162 106 38 92 68 34 80 102 158 44 241 324 334 142 83 329 54 51 491 244 247 246 248 243 249 242 242 246 244 244 247 246 247 242 247 244 245 248 244 248 249 248 246 250 244 241 242 241 250 248 244 246 244 241 249 242 243 241 247 247 245 243 242 242 245 248 245 249 245 248 247 244 246 242 243 250 243 245 250 242 242 244 247 245 245 246 246 248 246 243 244 241 245 246 242 250 243 247 249 248 245 246 242 250 247 244 250 249 248 250 250 250 244 247 244 249 243 250 246 249 242 250 249 247 245 241 246 248 247 245 246 241 250 247 241 246 241 250 245 248 250 245 247 243 242 241 241 244 250 247 242 242 246 241 248 241 241 244 249 248 248 245 248 247 241 249 243 242 249 248 249 248 243 246 241 244 247 241 248 247 248 249 248 244 250 246 245 250 249 243 247 247 247 245 244 248 243 246 249 241 244 248 249 246 244 249 250 241 250 247 247 247 246 244 250 245 249 244 245 248 247 242 244 244 246 248 242 249 243 250 250 246 248 248 242 242 247 241 242 246 247 248 242 242 242 242 247 241 245 241 249 242 242 243 245 248 250 246 246 243 246 245 248 244 243 250 245 249 250 247 244 247 245 246 249 246 248 245 247 243 246 245 244 247 247 248 245 247 244 250 249 249 245 
99 41 327 191 36 75 121 166 104 37 92 62 32 82 105 157 39 244 327 324 134 89 332 55 55 494 247 25 20 25 24 25 23 24 21 27 20 25 23 28 21 20 22 27 22 28 22 26 25 19 24 19 25 27 28 24 26 22 20 28 18 26 25 23 21 28 22 23 25 26 22 28 28 26 27 22 26 21 19 22 21 25 22 19 24 22 24 22 26 26 22 26 24 18 21 27 28 25 21 25 23 25 25 22 23 23 26 21 26 27 24 19 24 18 19 19 22 25 23 20 23 26 28 28 26 20 27 26 27 19 23 21 26 19 25 21 24 23 23 22 22 19 22 27 19 23 18 23 20 23 24 24 20 24 24 28 26 23 25 24 24 20 27 21 21 24 24 26 18 19 20 22 19 24 21 20 18 21 25 20 25 21 26 27 27 22 27 24 27 24 20 22 25 19 25 28 25 21 26 25 21 27 19 22 22 21 24 23 24 21 24 21 23 22 20 22 26 28 28 25 24 20 18 21 21 25 20 28 28 28 25 21 26 25 25 21 28 21 25 23 23 21 26 19 25 27 22 23 27 21 19 23 23 19 25 26 26 27 25 26 27 22 19 25 28 25 27 28 28 24 23 23 26 20 23 23 19 27 27 19 20 28 23 25 19 20 23 28 20 20 25 28 23 26 25 23 23 24 22 22 
96 39 332 193 42 70 122 162 110 32 98 71 30 74 107 159 41 247 334 324 140 83 334 55 50 499 246 20 192 199 199 200 191 194 194 192 193 193 193 195 193 198 192 194 200 196 194 191 198 191 191 193 198 197 198 193 193 192 197 194 200 196 193 191 199 197 193 192 200 195 196 193 192 198 197 192 194 200 192 191 200 192 193 198 199 200 200 192 192 197 195 192 192 198 192 191 195 195 192 194 200 198 196 192 195 192 193 198 192 195 199 191 196 192 199 195 192 198 196 193 194 200 194 196 198 196 196 192 191 197 196 191 195 192 192 200 194 195 198 195 199 196 196 195 198 194 199 199 191 194 192 195 194 196 200 191 191 195 193 192 192 199 192 197 200 194 196 194 198 194 198 197 200 193 191 197 196 199 195 197 192 196 191 195 191 191 196 192 196 199 194 198 198 195 194 198 199 200 191 197 193 198 193 192 191 193 199 197 191 193 193 192 199 194 197 200 194 193 192 200 192 195 197 200 200 191 197 199 200 197 195 193 195 197 195 196 199 193 192 199 195 194 191 194 198 198 194 191 191 195 200 193 200 197 192 199 197 198 197 197 195 192 199 200 198 193 195 196 195 197 195 200 191 196 194 198 193 197 199 194 191 199 196 200 195 198 199 191 196 196 198 200 197 196 200 195 199 195 200 193 
99 36 326 200 37 73 125 166 107 29 99 71 35 83 107 161 38 250 332 326 140 90 327 50 52 500 248 25 199 241 245 243 241 250 246 249 243 243 247 246 243 245 242 243 250 250 242 241 245 248 248 245 244 243 244 249 241 249 248 244 249 243 247 250 242 243 248 244 245 245 250 247 249 242 250 249 241 241 249 245 248 246 249 242 249 243 250 249 241 248 243 250 241 249 250 242 241 248 246 245 242 246 242 241 247 242 249 248 243 248 242 241 243 241 243 241 244 242 250 244 250 242 244 241 241 244 242 242 241 248 247 243 243 248 243 250 250 242 247 242 249 249 242 242 249 244 242 243 246 242 246 246 243 250 246 244 243 248 245 243 245 241 246 248 249 248 248 248 250 245 250 248 243 242 250 242 245 241 244 241 243 250 246 246 250 242 249 242 250 244 245 244 244 250 242 243 248 250 241 247 244 241 245 247 242 244 248 246 245 242 247 247 241 243 242 250 245 241 242 244 244 246 248 248 246 249 250 243 249 241 250 243 241 244 249 242 248 247 248 243 248 244 249 248 247 241 248 241 241 249 244 244 245 241 241 250 250 241 243 248 241 242 250 241 246 249 243 244 245 250 246 242 244 245 250 250 245 247 241 246 245 244 250 249 244 241 249 243 241 241 241 242 243 241 243 249 249 245 242 243 
99 42 331 197 37 75 116 167 105 32 97 71 33 81 107 165 42 244 328 328 141 90 330 54 52 496 243 24 199 245 245 248 244 248 242 243 248 247 249 248 243 244 241 242 243 245 242 241 247 243 242 248 244 245 248 246 243 246 250 245 248 244 243 242 242 244 245 249 241 244 246 244 247 247 245 250 241 247 250 248 249 242 246 242 246 243 248 249 249 247 243 247 241 246 248 242 250 242 241 250 246 247 243 242 243 248 241 244 244 241 242 243 243 247 244 248 250 241 247 248 248 250 244 249 245 242 250 244 244 241 244 249 247 246 241 250 244 242 244 248 242 245 250 244 242 244 242 241 245 248 249 243 248 243 241 242 244 241 245 248 241 248 246 248 244 247 247 248 248 241 245 250 246 245 244 247 248 246 248 243 244 246 245 241 249 246 242 243 246 247 250 247 244 246 244 248 242 241 245 250 241 249 249 246 243 242 242 241 247 250 243 241 246 248 241 244 243 242 246 249 249 246 245 242 241 248 249 242 248 243 241 249 242 250 244 245 241 246 245 248 246 248 249 241 246 249 245 248 241 250 246 249 245 241 241 246 248 250 247 246 243 248 244 244 247 248 249 248 243 243 246 248 241 244 249 246 243 243 244 243 243 250 242 247 250 242 243 248 241 249 243 244 247 246 247 244 244 245 242 246 
95 41 331 193 38 75 125 162 106 33 98 63 35 83 105 166 37 241 331 328 140 86 329 50 54 492 249 25 200 243 248 42 41 38 42 35 36 38 37 38 42 40 40 42 42 37 41 43 39 38 34 38 41 37 34 37 34 38 40 39 39 36 37 36 39 35 37 41 39 40 35 37 36 41 35 34 34 42 43 39 36 44 43 43 37 43 36 37 37 42 42 42 43 35 34 38 36 37 35 41 43 36 34 36 44 35 36 44 43 35 39 36 35 38 35 38 37 37 41 40 34 40 39 44 41 39 38 43 42 40 40 41 42 40 43 42 42 35 41 41 36 36 43 37 40 44 41 43 36 39 39 37 34 44 37 41 39 41 39 36 36 35 44 35 41 43 42 39 43 40 36 35 42 35 38 38 34 35 37 37 40 42 39 40 42 42 37 36 39 42 39 41 43 38 42 41 37 40 36 36 36 38 38 44 38 42 37 39 43 40 42 39 38 37 35 35 35 38 38 40 37 42 37 36 37 35 43 40 42 34 42 44 38 36 43 43 44 37 37 43 42 35 38 36 38 39 37 39 44 41 35 36 40 38 38 42 40 37 38 37 37 36 37 41 38 36 40 38 39 43 36 37 34 41 39 38 36 43 44 36 40 35 38 35 39 42 44 35 35 38 38 39 40 41 36 35 44 42 38 39 
91 38 330 191 37 72 117 159 104 37 95 69 39 81 104 166 37 243 325 327 140 91 329 48 49 497 242 23 191 241 244 41 498 497 499 498 494 494 493 496 492 492 498 498 493 492 500 499 500 499 500 492 493 494 497 500 492 499 500 492 497 495 496 494 491 494 492 495 498 494 500 500 496 497 497 499 499 497 497 498 495 496 500 498 500 496 497 491 494 497 492 500 491 498 493 492 492 495 496 499 498 496 498 493 493 495 492 491 491 498 499 496 494 498 494 493 493 491 494 497 498 496 496 499 493 499 500 495 493 496 494 491 492 492 494 494 497 495 494 498 492 493 493 496 500 497 499 493 497 492 500 495 498 495 493 491 494 493 495 497 499 498 497 500 499 500 493 495 494 497 493 496 500 495 491 500 492 499 492 499 491 492 493 498 496 495 498 500 497 493 496 495 500 492 495 499 492 498 494 495 495 496 491 494 491 492 493 493 500 495 491 491 496 493 499 492 498 497 491 495 499 497 500 499 499 494 498 500 491 492 495 495 497 495 498 498 496 491 500 496 495 491 497 500 494 496 492 491 492 492 495 491 499 494 499 497 498 497 497 498 498 491 493 495 496 491 493 492 491 493 498 496 493 494 496 496 499 497 497 500 499 492 491 497 495 500 494 493 496 500 500 493 491 493 498 496 493 500 498 494 
91 39 333 200 44 73 117 162 107 30 98 65 32 83 107 159 44 246 332 328 143 84 327 55 54 498 242 24 194 250 248 38 497 159 161 165 162 165 160 157 163 167 163 163 165 164 163 161 159 162 164 161 158 163 161 161 164 163 158 160 166 158 167 159 160 161 157 164 159 160 164 165 160 161 161 157 158 157 161 160 163 158 164 163 164 158 167 161 165 158 163 163 159 163 165 162 167 165 159 158 158 167 166 161 160 160 161 161 160 165 164 166 166 161 162 163 162 162 166 159 163 162 165 165 158 163 160 157 161 162 158 162 161 157 166 164 160 160 158 163 158 164 161 166 158 166 162 162 161 161 164 166 166 162 164 166 158 166 167 162 161 158 167 165 158 166 162 160 158 163 166 159 160 160 159 160 159 163 166 162 167 163 162 166 158 158 165 159 158 164 164 162 165 163 160 165 161 165 159 163 160 158 165 163 161 166 166 163 162 165 158 162 160 162 161 161 163 159 163 164 166 159 158 164 165 161 162 159 158 163 165 162 164 162 157 158 161 167 163 167 164 164 162 167 159 165 161 165 167 166 162 165 158 163 162 166 166 167 158 158 163 166 162 160 161 162 160 165 162 166 164 158 163 159 158 165 167 162 163 166 161 157 165 162 163 159 161 162 159 161 163 165 160 157 167 163 162 160 161 167 
100 38 333 196 37 72 117 161 106 33 97 64 29 78 111 166 46 242 330 328 140 90 328 52 54 499 246 21 194 246 242 42 499 161 242 242 241 248 244 242 245 243 247 241 243 241 241 250 246 247 242 250 242 244 244 247 241 246 248 241 243 243 244 247 243 246 248 243 244 241 245 249 244 242 249 246 243 249 246 248 245 248 247 247 241 241 243 242 246 241 242 249 243 246 245 245 242 243 248 245 244 243 243 247 245 241 243 247 250 248 245 245 245 242 241 246 242 244 247 248 244 249 246 246 245 250 241 246 242 249 250 245 241 243 242 245 244 245 242 243 242 246 247 247 247 248 243 248 241 249 246 244 248 241 250 242 241 241 248 242 249 248 247 249 250 249 244 243 243 245 245 245 250 242 242 247 249 244 245 250 243 250 244 250 250 243 242 250 243 249 242 241 246 249 250 246 247 243 248 250 248 243 244 248 244 245 244 243 249 248 242 241 248 245 241 248 248 242 248 241 241 249 242 246 248 241 241 245 244 249 244 242 241 247 249 245 242 242 248 250 250 249 250 248 244 250 245 242 242 242 242 242 241 243 248 248 244 249 242 248 248 246 249 248 242 247 243 244 249 250 243 249 249 243 246 243 242 250 244 244 242 246 246 242 248 243 250 242 242 241 249 249 247 248 247 249 244 249 242 243 
92 37 333 194 45 71 116 166 103 37 98 71 30 83 110 166 38 249 334 325 135 87 326 54 54 499 244 27 192 249 243 35 498 165 242 31 26 23 30 28 28 32 30 28 26 23 29 31 29 31 28 31 30 30 23 31 28 31 27 25 28 25 29 27 26 31 25 29 32 32 25 27 31 32 33 24 23 29 32 29 27 27 27 24 24 27 31 30 26 26 32 31 28 29 25 31 27 27 27 26 26 30 30 25 29 30 26 29 26 25 25 30 29 30 31 31 24 30 28 28 33 27 26 27 23 28 26 27 32 30 30 26 27 28 28 23 25 31 30 29 23 33 27 29 30 25 27 31 32 32 26 32 27 29 27 27 24 30 31 23 27 29 26 31 24 31 32 26 29 29 32 29 29 26 26 26 28 31 25 28 30 29 27 24 25 31 28 26 28 26 27 32 32 30 31 33 29 30 26 25 26 26 31 23 29 25 26 25 32 29 30 30 25 24 31 27 23 26 30 28 29 24 27 28 32 25 28 28 32 31 30 26 24 29 26 31 31 30 23 30 26 31 27 27 32 25 31 32 28 29 27 24 31 32 29 30 24 24 25 24 32 23 27 24 29 30 32 27 27 32 25 29 30 29 24 30 31 23 29 27 29 24 28 27 23 24 24 25 25 27 26 24 27 29 25 23 26 25 28 30 
